1
0.899493
0.798986
0.698479
0.597972
0.497465
0.396958
0.296451
0.195944
0.0954365
0.0936042
0.0917718
0.0899395
0.0881071
0.0862748
0.0844424
0.0826101
0.0807777
0.685685
0.668223
0.650761
0.633299
0.615837
0.598375
0.580913
0.562888
0.544863
0.526838
0.508813
0.490788
0.472763
0.261438
0.0501129
0.439812
0.428828
0.0538862
0.406861
0.395877
0.384893
0.37391
0.362926
0.351942
0.340958
0.329975
0.327677
0.323888
0.303788
0.283688
0.263589
0.248698
0.233807
0.222912
0.212017
0.165576
0.119135
0.0726947
0.0262539
0.180948
0.176083
0.153359
0.130635
0.107911
0.0851874
0.0624635
0.0397397
0.0170158
0.0164242
0.0148377
0.0144396
0.0140415
0.0136434
0.0132453
0.0128472
0.0122489
0.0116506
0.011123
0.0105954
0.0100678
0.00954018
0.00901258
0.00848498
0.0680881
0.0637235
0.0388993
0.0140751
0.0118169
0.00955872
0.00730053
0.00504234
0.0101419
0.0044618
0.00457078
0.0291001
0.00617898
0.0222657
0.0188485
0.0154313
0.00132717
0.00088478
0.00044239
0
