0
0.916651
1.8333
2.74995
3.6666
4.58326
5.49991
6.41656
7.33321
8.24986
9.20117
10.1525
11.1038
12.0551
13.0064
13.9577
14.909
15.8603
38.057
60.2537
82.4503
104.647
126.844
149.04
171.237
185.019
198.802
212.584
226.366
240.148
253.931
255.224
26.9167
28.0531
29.1895
30.3259
60.3783
90.4307
120.483
150.535
180.588
210.64
240.693
270.745
291.188
323.976
329.342
334.708
306.491
328.648
350.806
354.735
346.593
353.539
360.486
367.432
39.3916
387.563
410.974
415.596
420.218
424.839
429.461
434.083
438.705
52.5111
90.4695
52.3153
160.138
267.96
375.783
483.605
41.7031
57.1668
72.6304
73.2563
73.8822
74.5081
75.134
75.7599
76.3857
325.027
573.669
608.323
92.6989
650.389
657.802
665.214
72.6245
91.3019
66.5747
55.4887
73.8427
92.1968
272.771
453.344
633.918
76.3528
79.8016
83.2505
86.6993
